2
3
4
8
10
13
14
15
16
17
19
22
23
24
26
27
28
29
30
32
33
35
38
39
40
41
42
44
46
47
49
51
52
53
54
55
56
57
58
59
60
61
62
66
67
68
70
71
73
74
75
76
77
78
79
80
81
82
83
86
87
91
96
98
100
102
103
104
105
107
108
110
112
116
117
120
121
123
125
127
128
129
130
132
133
134
135
136
137
138
140
141
145
146
147
148
149
150
151
152
153
156
158
160
161
162
163
165
166
167
169
170
171
173
175
176
177
178
179
181
185
186
191
192
193
194
195
196
198
201
202
203
204
205
206
209
210
214
215
216
217
218
219
220
221
226
227
228
230
231
233
234
236
238
239
241
242
243
244
245
246
247
248
250
251
252
253
256
257
258
259
260
262
265
266
270
271
272
275
277
278
279
281
282
283
284
285
286
290
291
296
300
302
304
305
306
307
309
310
315
321
327
328
330
332
333
335
337
338
339
340
341
345
346
347
350
351
352
353
357
362
363
364
365
366
369
370
372
374
375
376
377
378
379
380
382
383
384
385
386
387
388
389
390
391
392
393
394
395
397
398
399
400
401
402
406
410
415
420
421
422
423
424
425
426
427
428
429
430
431
434
435
436
439
440
441
444
445
446
447
448
449
450
454
455
456
457
458
459
460
461
462
463
464
467
471
472
473
474
475
476
481
482
485
486
487
488
491
492
493
496
500
502
507
510
511
512
513
514
515
516
517
518
519
520
521
524
525
527
528
532
533
536
538
540
543
545
546
547
550
551
552
556
557
561
562
566
567
568
569
570
571
573
574
575
576
577
581
582
586
587
588
591
592
593
594
595
596
598
599
603
604
605
608
609
610
611
612
614
615
616
617
618
619
620
621
622
623
624
625
629
633
634
636
639
640
641
644
646
647
651
653
657
658
661
666
669
670
671
672
673
674
676
677
678
679
681
682
683
684
686
687
688
689
690
691
692
695
696
697
698
699
703
704
705
706
707
708
709
710
711
712
713
715
716
719
720
721
722
723
724
725
731
734
735
736
737
738
739
740
741
743
748
751
754
755
756
757
758
759
760
761
762
763
764
765
768
773
776
777
778
779
780
781
782
783
784
785
786
787
788
789
790
791
792
793
794
795
796
797
798
799
800
801
802
803
807
808
813
814
815
816
817
818
819
820
821
824
825
826
827
828
830
833
834
835
838
839
840
841
842
843
845
846
847
848
850
852
853
855
858
860
863
864
865
866
867
872
873
875
877
878
880
881
883
888
889
891
892
894
895
897
898
899
900
901
902
903
905
906
907
908
909
911
912
913
914
916
917
919
920
922
924
925
928
931
934
936
939
940
941
943
947
948
949
951
952
953
954
956
959
961
964
968
971
972
973
974
978
979
981
982
983
984
986
987
989
990
993
994
995
996
997
998
999
1000
1004
1005
1008
1009
1010
1011
1012
1013
1015
1017
1018
1020
1021
1023
1024
1025
1026
1028
1029
1030
1031
1032
1033
1034
1035
1040
1045
1046
1047
1048
1050
1051
1052
1053
1054
1055
1056
1057
1060
1063
1064
1065
1068
1069
1070
1072
1080
1082
1084
1085
1088
1090
1093
1094
1095
1096
1097
1098
1102
1103
1104
1106
1107
1108
1111
1112
1116
1117
1118
1121
1122
1123
1124
1126
1129
1131
1132
1133
1136
1137
1141
1142
1143
1146
1147
1148
1149
1151
1154
1155
1156
1158
1159
1161
1162
1163
1166
1171
1173
1174
1175
1176
1177
1178
1179
1180
1181
1182
1183
1184
1185
1186
1187
1188
1189
1190
1191
1193
1194
1195
1196
1197
1198
1199
1200
1202
1203
1204
1205
1206
1207
1210
1215
1217
1220
1222
1224
1227
1228
1229
1230
1231
1232
1234
1235
1236
1239
1240
1241
1242
1244
1245
1246
1247
1249
1250
1251
1255
1256
1257
1259
1261
1262
1263
1264
1266
1267
1268
1269
1271
1272
1273
1275
1276
1279
1280
1281
1282
1283
1284
1285
1287
1288
1293
1295
1296
1297
1298
1300
1304
1306
1307
1308
1309
1310
1312
1317
1322
1330
1331
1333
1334
1335
1336
1337
1341
1346
1347
1355
1356
1358
1359
1360
1361
1362
1363
1365
1366
1367
1372
1375
1376
1377
1378
1379
1380
1381
1382
1383
1386
1388
1389
1390
1391
1392
1393
1394
1395
1396
1398
1399
1400
1401
1402
1403
1404
1405
1406
1407
1408
1413
1414
1415
1416
1417
1424
1425
1426
1427
1429
1431
1433
1434
1436
1437
1438
1439
1441
1442
1444
1448
1449
1454
1459
1464
1466
1467
1468
1469
1470
1471
1472
1474
1475
1479
1480
1485
1490
1493
1494
1496
1497
1498
1499
1500
1504
1505
1510
1515
1518
1519
1521
1522
1523
1524
1525
1526
1529
1535
1539
1540
1541
1543
1544
1545
1546
1547
1548
1549
1550
1553
1554
1556
1557
1558
1559
1560
1561
1562
1563
1566
1567
1571
1572
1574
1575
1576
1577
1578
1579
1580
1581
1582
1583
1584
1585
1586
1587
1588
1591
1593
1594
1595
1596
1597
1599
1600
1602
1603
1604
1605
1607
1610
1611
1612
1613
1614
1615
1618
1619
1620
1623
1626
1630
1633
1634
1635
1636
1637
1638
1640
1643
1645
1647
1648
1651
1656
1660
1661
1662
1663
1666
1667
1668
1670
1671
1672
1673
1674
1675
1676
1681
1685
1687
1688
1689
1690
1692
1694
1695
1696
1700
1701
1702
1703
1704
1705
1706
1707
1708
1709
1710
1712
1713
1714
1715
1717
1718
1719
1721
1730
1731
1732
1733
1734
1735
1736
1737
1739
1741
1742
1743
1746
1749
1755
1756
1759
1760
1762
1764
1767
1768
1769
1772
1773
1774
1784
1785
1787
1789
1790
1794
1795
1796
1797
1798
1799
1800
1804
1805
1806
1807
1809
1810
1812
1813
1814
1816
1817
1818
1821
1822
1823
1824
1825
1826
1828
1829
1830
1831
1832
1833
1834
1835
1838
1839
1840
1841
1842
1843
1844
1845
1849
1850
1855
1856
1859
1860
1861
1862
1863
1864
1865
1866
1870
1875
1880
1884
1885
1886
1887
1888
1889
1891
1904
1905
1908
1909
1910
1911
1912
1913
1914
1915
1916
1917
1918
1919
1926
1927
1928
1931
1932
1933
1934
1935
1936
1938
1939
1940
1945
1946
1947
1948
1950
1951
1953
1956
1958
1959
1961
1962
1965
1966
1967
1970
1971
1972
1975
1976
1978
1979
1980
1981
1983
1984
1985
1986
1987
1988
1989
1990
1991
1992
1993
1995
1996
1997
1998
1999
2000
2001
2002
2003
2005
2007
2008
2014
2015
2016
2017
2018
2021
2026
2027
2029
2030
2032
2033
2034
2038
2039
2042
2044
2047
2051
2055
2057
2058
2059
2061
2062
2068
2069
2073
2074
2075
2077
2078
2079
2080
2081
2082
2083
2084
2086
2088
2089
2091
2092
2093
2094
2098
2099
2100
2102
2103
2106
2108
2109
2110
2112
2113
2114
2115
2116
2117
2118
2119
2120
2121
2124
2125
2127
2128
2131
2132
2133
2134
2137
2138
2141
2143
2149
2150
2151
2154
2156
2162
2166
2167
2171
2172
2173
2174
2176
2179
2181
2183
2191
2197
2198
2199
2202
2203
2204
2205
2206
2209
2210
2212
2213
2217
2218
2224
2227
2228
2234
2235
2236
2237
2238
2239
2240
2241
2242
2243
2244
2246
2249
2250
2252
2253
2258
2259
2261
2262
2263
2266
2267
2268
2271
2272
2273
2277
2278
2279
2280
2284
2287
2288
2292
2293
2296
2297
2298
2301
2302
2304
2305
2306
2309
2313
2322
2323
2327
2329
2331
2333
2334
2335
2338
2339
2340
2344
2345
2348
2349
2350
2352
2353
2354
2356
2357
2358
2359
2362
2365
2368
2369
2370
2373
2375
2376
2377
2378
2379
2380
2381
2382
2383
2384
2385
2386
2387
2388
2390
2393
2394
2395
2396
2397
2398
2399
2400
2401
2402
2403
2404
2406
2407
2408
2409
2410
2411
2412
2413
2414
2415
2416
2417
2418
2419
2420
2421
2422
2423
2424
2425
2428
2434
2435
2436
2438
2439
2440
2442
2444
2445
2447
2449
2450
2453
2455
2459
2461
2463
2464
2467
2468
2469
2472
2473
2474
2477
2482
2483
2485
2488
2491
2492
2493
2496
2497
2498
2499
2501
2502
2503
2507
2508
2509
2510
2511
2513
2514
2516
2519
2521
2524
2526
2531
2533
2534
2536
2539
2540
2541
2544
2545
2549
2550
2552
2553
2556
2557
2558
2559
2561
2564
2565
2566
2569
2570
2571
2573
2574
2575
2576
2577
2581
2582
2583
2587
2588
2589
2591
2592
2593
2595
2598
2600
2602
2603
2604
2608
2609
2613
2614
2616
2618
2619
2620
2623
2625
2626
2627
2628
2629
2630
2632
2633
2634
2635
2640
2641
2642
2645
2646
2648
2649
2650
2651
2652
2653
2654
2655
2656
2657
2660
2661
2662
2665
2666
2667
2671
2672
2674
2678
2679
2680
2681
2683
2685
2686
2687
2691
2692
2695
2696
2698
2699
2704
2705
2708
2709
2710
2711
2712
2713
2714
2716
2718
2719
2720
2721
2723
2725
2726
2727
2730
2731
2735
2736
2737
2738
2740
2741
2742
2743
2744
2746
2748
2755
2757
2760
2762
2763
2765
2767
2768
2769
2772
2773
2774
2779
2780
2781
2782
2783
2784
2785
2787
2788
2790
2793
2795
2798
2799
2800
2801
2802
2803
2804
2806
2807
2808
2809
2811
2812
2813
2814
2815
2816
2817
2818
2822
2823
2824
2825
2826
2827
2828
2829
2832
2833
2834
2836
2839
2840
2841
2847
2848
2850
2851
2855
2856
2857
2858
2859
2860
2861
2864
2865
2866
2867
2869
2870
2871
2872
2873
2874
2875
2876
2880
2882
2883
2884
2888
2889
2891
2894
2895
2900
2901
2902
2903
2904
2905
2907
2908
2909
2911
2914
2915
2920
2925
2927
2928
2931
2932
2933
2934
2935
2936
2939
2940
2950
2952
2957
2961
2962
2963
2964
2965
2969
2970
2974
2975
2976
2977
2981
2982
2983
2986
2987
2989
2991
2992
2993
2996
2998
3005
3007
3008
3009
3010
3012
3014
3017
3018
3022
3023
3027
3028
3029
3030
3032
3033
3034
3035
3036
3037
3038
3039
3040
3041
3042
3044
3045
3046
3047
3051
3052
3055
3056
3057
3058
3059
3060
3061
3062
3065
3066
3070
3071
3075
3076
3080
3081
3082
3083
3084
3085
3086
3087
3100
3101
3102
3104
3105
3106
3107
3108
3109
3110
3111
3126
3127
3128
3129
3130
3131
3132
3133
3134
3135
3136
3137
3138
3139
3140
3141
3143
3144
3145
3146
3148
3149
3150
3151
3155
3156
3160
3161
3163
3164
3165
3166
3167
3168
3171
3172
3173
3176
3180
3181
3185
3186
3189
3191
3192
3193
3196
3197
3201
3202
3203
3204
3205
3206
3207
3208
3209
3210
3211
3212
3213
3214
3215
3217
3218
3219
3220
3221
3222
3223
3224
3225
3227
3228
3229
3231
3232
3235
3236
3239
3240
3244
3245
3247
3248
3249
3254
3255
3256
3257
3258
3259
3264
3266
3268
3269
3270
3272
3275
3279
3280
3281
3282
3283
3284
3286
3287
3288
3289
3293
3294
3296
3297
3300
3304
3305
3306
3307
3308
3309
3310
3312
3315
3317
3318
3319
3321
3322
3323
3325
3326
3327
3328
3332
3333
3337
3339
3340
3341
3342
3343
3346
3350
3351
3352
3356
3357
3362
3363
3366
3370
3371
3375
3376
3377
3381
3383
3386
3388
3391
3395
3400
3401
3402
3407
3408
3412
3413
3416
3419
3420
3421
3425
3427
3428
3429
3430
3432
3433
3434
3435
3437
3438
3439
3440
3441
3442
3443
3444
3445
3447
3448
3449
3450
3454
3455
3456
3461
3462
3463
3466
3469
3470
3471
3472
3473
3474
3475
3477
3479
3480
3482
3483
3484
3487
3488
3494
3495
3497
3498
3499
3500
3501
3502
3504
3505
3507
3508
3509
3510
3512
3513
3514
3517
3518
3519
3520
3522
3523
3524
3525
3527
3530
3532
3535
3537
3538
3539
3540
3541
3542
3543
3544
3545
3546
3548
3549
3550
3552
3555
3556
3557
3560
3561
3562
3564
3565
3566
3569
3570
3571
3572
3573
3574
3575
3576
3577
3578
3579
3580
3581
3582
3583
3584
3585
3589
3590
3591
3594
3596
3597
3598
3599
3601
3602
3603
3604
3606
3607
3609
3610
3615
3617
3618
3619
3622
3626
3627
3630
3631
3632
3633
3634
3635
3636
3637
3638
3639
3640
3641
3642
3643
3644
3646
3647
3655
3656
3661
3662
3665
3666
3667
3670
3671
3673
3674
3675
3690
3691
3697
3699
3701
3711
3715
3716
3717
3719
3720
3722
3724
3725
3726
3729
3730
3731
3735
3736
3737
3739
3740
3741
3742
3743
3744
3747
3748
3749
3750
3751
3752
3753
3756
3757
3758
3759
3760
3761
3763
3764
3768
3771
3775
3776
3777
3778
3781
3782
3783
3784
3788
3789
3793
3794
3796
3798
3799
3800
3803
3804
3805
3806
3807
3809
3810
3811
3812
3813
3814
3815
3817
3818
3819
3820
3823
3824
3825
3826
3827
3830
3831
3836
3840
3841
3842
3843
3844
3845
3846
3848
3849
3850
3851
3855
3856
3861
3866
3870
3871
3872
3873
3874
3875
3876
3877
3880
3882
3885
3886
3887
3891
3892
3895
3897
3898
3899
3900
3901
3902
3903
3904
3905
3906
3907
3910
3911
3912
3915
3916
3917
3920
3923
3924
3925
3928
3929
3930
3931
3932
3933
3935
3937
3939
3940
3942
3944
3945
3947
3948
3949
3950
3953
3954
3955
3956
3957
3958
3962
3963
3969
3970
3972
3974
3975
3976
3978
3979
3980
3981
3982
3983
3986
3987
3988
3992
3993
3994
3995
3996
3997
3998
3999
4000
4004
4009
4011
4012
4013
4014
4016
4018
4021
4022
4023
4026
4027
4028
4029
4030
4032
4035
4037
4040
4041
4042
4043
4044
4045
4046
4047
4048
4049
4050
4054
4055
4056
4057
4058
4059
4060
4062
4063
4064
4066
4069
4070
4071
4074
4075
4080
4081
4082
4083
4084
4086
4087
4088
4089
4094
4095
4096
4099
4100
4105
4106
4107
4108
4109
4112
4114
4116
4117
4118
4119
4120
4121
4122
4123
4126
4129
4130
4131
4132
4133
4134
4135
4137
4140
4141
4146
4150
4152
4153
4154
4155
4157
4159
4161
4165
4166
4171
4175
4177
4179
4180
4182
4183
4185
4186
4190
4191
4201
4202
4204
4205
4206
4207
4208
4209
4210
4211
4212
4215
4216
4219
4221
4224
4225
4228
4229
4230
4232
4235
4236
4237
4238
4239
4240
4241
4243
4246
4248
4253
4254
4255
4257
4259
4260
4261
4262
4263
4264
4265
4266
4267
4268
4270
4271
4272
4273
4274
4275
4276
4280
4281
4282
4285
4286
4287
4288
4289
4290
4291
4292
4295
4296
4297
4300
4301
4306
4310
4312
4313
4314
4315
4316
4317
4320
4321
4322
4325
4326
4330
4334
4335
4337
4338
4339
4340
4341
4342
4344
4346
4347
4348
4349
4352
4355
4358
4359
4360
4363
4364
4365
4366
4367
4369
4371
4372
4373
4374
4376
4377
4378
4379
4380
4382
4383
4384
4385
4386
4387
4388
4389
4390
4391
4392
4393
4394
4395
4396
4397
4398
4399
4400
4401
4402
4404
4410
4411
4412
4413
4414
4415
4416
4420
4421
4424
4425
4426
4427
4428
4429
4430
4435
4436
4437
4438
4439
4440
4441
4444
4446
4447
4449
4450
4451
4452
4454
4455
4456
4457
4458
4462
4463
4468
4471
4472
4473
4478
4479
4480
4482
4483
4487
4488
4491
4492
4497
4503
4504
4505
4507
4508
4511
4512
4513
4517
4522
4523
4526
4527
4528
4529
4530
4531
4534
4535
4538
4541
4542
4543
4547
4548
4549
4551
4552
4554
4555
4556
4558
4559
4560
4562
4563
4564
4565
4566
4567
4568
4569
4570
4571
4572
4573
4574
4575
4576
4578
4579
4580
4582
4583
4584
4585
4586
4587
4588
4589
4590
4591
4593
4594
4595
4596
4601
4602
4603
4605
4607
4611
4612
4616
4619
4620
4625
4628
4630
4631
4632
4636
4637
4638
4640
4641
4642
4643
4644
4645
4650
4651
4652
4653
4654
4655
4657
4658
4660
4662
4664
4665
4666
4669
4670
4671
4672
4674
4675
4676
4677
4679
4684
4687
4688
4689
4691
4693
4694
4695
4697
4698
4700
4702
4703
4707
4708
4712
4713
4716
4717
4718
4719
4721
4722
4723
4728
4729
4730
4731
4732
4733
4734
4736
4737
4739
4741
4742
4744
4747
4750
4752
4753
4754
4755
4757
4759
4760
4762
4764
4766
4767
4769
4770
4772
4773
4774
4776
4777
4778
4779
4780
4782
4783
4784
4785
4786
4788
4789
4790
4791
4792
4793
4794
4795
4797
4798
4799
