1
5
6
7
9
11
12
18
20
21
25
31
34
36
37
43
45
48
50
63
64
65
69
72
84
85
88
89
90
92
93
94
95
97
99
101
106
109
111
113
114
115
118
119
122
124
126
131
139
142
143
144
154
155
157
159
164
168
172
174
180
182
183
184
187
188
189
190
197
199
200
207
208
211
212
213
222
223
224
225
229
232
235
237
240
249
254
255
261
263
264
267
268
269
273
274
276
280
287
288
289
292
293
294
295
297
298
299
301
303
308
311
312
313
314
316
317
318
319
320
322
323
324
325
326
329
331
334
336
342
343
344
348
349
354
355
356
358
359
360
361
367
368
371
373
381
396
403
404
405
407
408
409
411
412
413
414
416
417
418
419
432
433
437
438
442
443
451
452
453
465
466
468
469
470
477
478
479
480
483
484
489
490
494
495
497
498
499
501
503
504
505
506
508
509
522
523
526
529
530
531
534
535
537
539
541
542
544
548
549
553
554
555
558
559
560
563
564
565
572
578
579
580
583
584
585
589
590
597
600
601
602
606
607
613
626
627
628
630
631
632
635
637
638
642
643
645
648
649
650
652
654
655
656
659
660
662
663
664
665
667
668
675
680
685
693
694
700
701
702
714
717
718
726
727
728
729
730
732
733
742
744
745
746
747
749
750
752
753
766
767
769
770
771
772
774
775
804
805
806
809
810
811
812
822
823
829
831
832
836
837
844
849
851
854
856
857
859
861
862
868
869
870
871
874
876
879
882
884
885
886
887
890
893
896
904
910
915
918
921
923
926
927
929
930
932
933
935
937
938
942
944
945
946
950
955
957
958
960
962
963
965
966
967
969
970
975
976
977
980
985
988
991
992
1001
1002
1003
1006
1007
1014
1016
1019
1022
1027
1036
1037
1038
1039
1041
1042
1043
1044
1049
1058
1059
1061
1062
1066
1067
1071
1073
1074
1075
1076
1077
1078
1079
1081
1083
1086
1087
1089
1091
1092
1099
1100
1101
1105
1109
1110
1113
1114
1115
1119
1120
1125
1127
1128
1130
1134
1135
1138
1139
1140
1144
1145
1150
1152
1153
1157
1160
1164
1165
1167
1168
1169
1170
1172
1192
1201
1208
1209
1211
1212
1213
1214
1216
1218
1219
1221
1223
1225
1226
1233
1237
1238
1243
1248
1252
1253
1254
1258
1260
1265
1270
1274
1277
1278
1286
1289
1290
1291
1292
1294
1299
1301
1302
1303
1305
1311
1313
1314
1315
1316
1318
1319
1320
1321
1323
1324
1325
1326
1327
1328
1329
1332
1338
1339
1340
1342
1343
1344
1345
1348
1349
1350
1351
1352
1353
1354
1357
1364
1368
1369
1370
1371
1373
1374
1384
1385
1387
1397
1409
1410
1411
1412
1418
1419
1420
1421
1422
1423
1428
1430
1432
1435
1440
1443
1445
1446
1447
1450
1451
1452
1453
1455
1456
1457
1458
1460
1461
1462
1463
1465
1473
1476
1477
1478
1481
1482
1483
1484
1486
1487
1488
1489
1491
1492
1495
1501
1502
1503
1506
1507
1508
1509
1511
1512
1513
1514
1516
1517
1520
1527
1528
1530
1531
1532
1533
1534
1536
1537
1538
1542
1551
1552
1555
1564
1565
1568
1569
1570
1573
1589
1590
1592
1598
1601
1606
1608
1609
1616
1617
1621
1622
1624
1625
1627
1628
1629
1631
1632
1639
1641
1642
1644
1646
1649
1650
1652
1653
1654
1655
1657
1658
1659
1664
1665
1669
1677
1678
1679
1680
1682
1683
1684
1686
1691
1693
1697
1698
1699
1711
1716
1720
1722
1723
1724
1725
1726
1727
1728
1729
1738
1740
1744
1745
1747
1748
1750
1751
1752
1753
1754
1757
1758
1761
1763
1765
1766
1770
1771
1775
1776
1777
1778
1779
1780
1781
1782
1783
1786
1788
1791
1792
1793
1801
1802
1803
1808
1811
1815
1819
1820
1827
1836
1837
1846
1847
1848
1851
1852
1853
1854
1857
1858
1867
1868
1869
1871
1872
1873
1874
1876
1877
1878
1879
1881
1882
1883
1890
1892
1893
1894
1895
1896
1897
1898
1899
1900
1901
1902
1903
1906
1907
1920
1921
1922
1923
1924
1925
1929
1930
1937
1941
1942
1943
1944
1949
1952
1954
1955
1957
1960
1963
1964
1968
1969
1973
1974
1977
1982
1994
2004
2006
2009
2010
2011
2012
2013
2019
2020
2022
2023
2024
2025
2028
2031
2035
2036
2037
2040
2041
2043
2045
2046
2048
2049
2050
2052
2053
2054
2056
2060
2063
2064
2065
2066
2067
2070
2071
2072
2076
2085
2087
2090
2095
2096
2097
2101
2104
2105
2107
2111
2122
2123
2126
2129
2130
2135
2136
2139
2140
2142
2144
2145
2146
2147
2148
2152
2153
2155
2157
2158
2159
2160
2161
2163
2164
2165
2168
2169
2170
2175
2177
2178
2180
2182
2184
2185
2186
2187
2188
2189
2190
2192
2193
2194
2195
2196
2200
2201
2207
2208
2211
2214
2215
2216
2219
2220
2221
2222
2223
2225
2226
2229
2230
2231
2232
2233
2245
2247
2248
2251
2254
2255
2256
2257
2260
2264
2265
2269
2270
2274
2275
2276
2281
2282
2283
2285
2286
2289
2290
2291
2294
2295
2299
2300
2303
2307
2308
2310
2311
2312
2314
2315
2316
2317
2318
2319
2320
2321
2324
2325
2326
2328
2330
2332
2336
2337
2341
2342
2343
2346
2347
2351
2355
2360
2361
2363
2364
2366
2367
2371
2372
2374
2389
2391
2392
2405
2426
2427
2429
2430
2431
2432
2433
2437
2441
2443
2446
2448
2451
2452
2454
2456
2457
2458
2460
2462
2465
2466
2470
2471
2475
2476
2478
2479
2480
2481
2484
2486
2487
2489
2490
2494
2495
2500
2504
2505
2506
2512
2515
2517
2518
2520
2522
2523
2525
2527
2528
2529
2530
2532
2535
2537
2538
2542
2543
2546
2547
2548
2551
2554
2555
2560
2562
2563
2567
2568
2572
2578
2579
2580
2584
2585
2586
2590
2594
2596
2597
2599
2601
2605
2606
2607
2610
2611
2612
2615
2617
2621
2622
2624
2631
2636
2637
2638
2639
2643
2644
2647
2658
2659
2663
2664
2668
2669
2670
2673
2675
2676
2677
2682
2684
2688
2689
2690
2693
2694
2697
2700
2701
2702
2703
2706
2707
2715
2717
2722
2724
2728
2729
2732
2733
2734
2739
2745
2747
2749
2750
2751
2752
2753
2754
2756
2758
2759
2761
2764
2766
2770
2771
2775
2776
2777
2778
2786
2789
2791
2792
2794
2796
2797
2805
2810
2819
2820
2821
2830
2831
2835
2837
2838
2842
2843
2844
2845
2846
2849
2852
2853
2854
2862
2863
2868
2877
2878
2879
2881
2885
2886
2887
2890
2892
2893
2896
2897
2898
2899
2906
2910
2912
2913
2916
2917
2918
2919
2921
2922
2923
2924
2926
2929
2930
2937
2938
2941
2942
2943
2944
2945
2946
2947
2948
2949
2951
2953
2954
2955
2956
2958
2959
2960
2966
2967
2968
2971
2972
2973
2978
2979
2980
2984
2985
2988
2990
2994
2995
2997
2999
3000
3001
3002
3003
3004
3006
3011
3013
3015
3016
3019
3020
3021
3024
3025
3026
3031
3043
3048
3049
3050
3053
3054
3063
3064
3067
3068
3069
3072
3073
3074
3077
3078
3079
3088
3089
3090
3091
3092
3093
3094
3095
3096
3097
3098
3099
3103
3112
3113
3114
3115
3116
3117
3118
3119
3120
3121
3122
3123
3124
3125
3142
3147
3152
3153
3154
3157
3158
3159
3162
3169
3170
3174
3175
3177
3178
3179
3182
3183
3184
3187
3188
3190
3194
3195
3198
3199
3200
3216
3226
3230
3233
3234
3237
3238
3241
3242
3243
3246
3250
3251
3252
3253
3260
3261
3262
3263
3265
3267
3271
3273
3274
3276
3277
3278
3285
3290
3291
3292
3295
3298
3299
3301
3302
3303
3311
3313
3314
3316
3320
3324
3329
3330
3331
3334
3335
3336
3338
3344
3345
3347
3348
3349
3353
3354
3355
3358
3359
3360
3361
3364
3365
3367
3368
3369
3372
3373
3374
3378
3379
3380
3382
3384
3385
3387
3389
3390
3392
3393
3394
3396
3397
3398
3399
3403
3404
3405
3406
3409
3410
3411
3414
3415
3417
3418
3422
3423
3424
3426
3431
3436
3446
3451
3452
3453
3457
3458
3459
3460
3464
3465
3467
3468
3476
3478
3481
3485
3486
3489
3490
3491
3492
3493
3496
3503
3506
3511
3515
3516
3521
3526
3528
3529
3531
3533
3534
3536
3547
3551
3553
3554
3558
3559
3563
3567
3568
3586
3587
3588
3592
3593
3595
3600
3605
3608
3611
3612
3613
3614
3616
3620
3621
3623
3624
3625
3628
3629
3645
3648
3649
3650
3651
3652
3653
3654
3657
3658
3659
3660
3663
3664
3668
3669
3672
3676
3677
3678
3679
3680
3681
3682
3683
3684
3685
3686
3687
3688
3689
3692
3693
3694
3695
3696
3698
3700
3702
3703
3704
3705
3706
3707
3708
3709
3710
3712
3713
3714
3718
3721
3723
3727
3728
3732
3733
3734
3738
3745
3746
3754
3755
3762
3765
3766
3767
3769
3770
3772
3773
3774
3779
3780
3785
3786
3787
3790
3791
3792
3795
3797
3801
3802
3808
3816
3821
3822
3828
3829
3832
3833
3834
3835
3837
3838
3839
3847
3852
3853
3854
3857
3858
3859
3860
3862
3863
3864
3865
3867
3868
3869
3878
3879
3881
3883
3884
3888
3889
3890
3893
3894
3896
3908
3909
3913
3914
3918
3919
3921
3922
3926
3927
3934
3936
3938
3941
3943
3946
3951
3952
3959
3960
3961
3964
3965
3966
3967
3968
3971
3973
3977
3984
3985
3989
3990
3991
4001
4002
4003
4005
4006
4007
4008
4010
4015
4017
4019
4020
4024
4025
4031
4033
4034
4036
4038
4039
4051
4052
4053
4061
4065
4067
4068
4072
4073
4076
4077
4078
4079
4085
4090
4091
4092
4093
4097
4098
4101
4102
4103
4104
4110
4111
4113
4115
4124
4125
4127
4128
4136
4138
4139
4142
4143
4144
4145
4147
4148
4149
4151
4156
4158
4160
4162
4163
4164
4167
4168
4169
4170
4172
4173
4174
4176
4178
4181
4184
4187
4188
4189
4192
4193
4194
4195
4196
4197
4198
4199
4200
4203
4213
4214
4217
4218
4220
4222
4223
4226
4227
4231
4233
4234
4242
4244
4245
4247
4249
4250
4251
4252
4256
4258
4269
4277
4278
4279
4283
4284
4293
4294
4298
4299
4302
4303
4304
4305
4307
4308
4309
4311
4318
4319
4323
4324
4327
4328
4329
4331
4332
4333
4336
4343
4345
4350
4351
4353
4354
4356
4357
4361
4362
4368
4370
4375
4381
4403
4405
4406
4407
4408
4409
4417
4418
4419
4422
4423
4431
4432
4433
4434
4442
4443
4445
4448
4453
4459
4460
4461
4464
4465
4466
4467
4469
4470
4474
4475
4476
4477
4481
4484
4485
4486
4489
4490
4493
4494
4495
4496
4498
4499
4500
4501
4502
4506
4509
4510
4514
4515
4516
4518
4519
4520
4521
4524
4525
4532
4533
4536
4537
4539
4540
4544
4545
4546
4550
4553
4557
4561
4577
4581
4592
4597
4598
4599
4600
4604
4606
4608
4609
4610
4613
4614
4615
4617
4618
4621
4622
4623
4624
4626
4627
4629
4633
4634
4635
4639
4646
4647
4648
4649
4656
4659
4661
4663
4667
4668
4673
4678
4680
4681
4682
4683
4685
4686
4690
4692
4696
4699
4701
4704
4705
4706
4709
4710
4711
4714
4715
4720
4724
4725
4726
4727
4735
4738
4740
4743
4745
4746
4748
4749
4751
4756
4758
4761
4763
4765
4768
4771
4775
4781
4787
4796
4800
